0.0 0.0 0.0 0.0 
0.0 0.0 0.0 0.0 
0.0 0.0 0.0 0.0 
0.0 492.392643834 194.289531249 0.0 
0.0 0.0 0.0 0.0 
0.0 0.0 0.0 0.0 
0.0 356.168001036 0.0 -28.8523978184 
0.0 0.0 0.0 0.0 
0.0 0.0 0.0 0.0 
0.0 0.0 0.0 0.0 
-4.48422670072 87.3581539225 17.5267468886 10.0579307711 
30.0815405902 30.1901693674 47.5879701985 85.3919833105 
0.0 0.0 0.0 0.0 
0.0 0.0 0.0 0.0 
0.0 450.594839809 112.41148874 166.198064443 
0.0 0.0 0.0 0.0 
0.0 185.041519089 0.0 17.1439550153 
0.0 311.182474718 0.0 106.976158313 
0.0 0.0 0.0 0.0 
0.0 0.0 0.0 0.0 
0.0 0.0 0.0 0.0 
237.898750693 399.512410326 114.022112708 -3.03982337996 
0.0 0.0 0.0 0.0 
325.692316536 146.28508932 158.433203642 0.0 
-47.1718033994 77.5437856842 73.5923823367 -15.6617600886 
0.0 0.0 0.0 0.0 
60.8121819927 50.5637455019 342.572305607 0.0 
0.0 0.0 0.0 0.0 
0.0 0.0 0.0 0.0 
0.0 0.0 0.0 0.0 
0.0 0.0 0.0 0.0 
180.105006892 319.361892946 146.674078488 114.526577343 
387.468810075 220.218888238 96.6719436952 163.553743122 
0.0 0.0 0.0 0.0 
5.00607801878 207.779804025 213.186220867 92.2406784196 
74.6757618423 62.2311523377 321.856555046 287.611197435 
37.2725835678 40.0432173893 84.7240204833 295.347089633 
9.95982048629 88.2713269121 176.212795041 22.3243757442 
46.838404393 298.41965858 107.137360454 47.8544050053 
430.759231637 137.837708235 23.4559505509 23.4075892886 
