0.0 0.0 0.0 0.0
0.0 0.0 0.0 0.0
0.0 0.0 0.0 0.0
0.0 0.0 0.0 0.0
0.0 0.0 0.0 0.0
0.0 0.0 0.0 0.0
0.0 0.0 0.0 0.0
0.0 0.0 0.0 0.0
0.0 0.0 0.0 0.0
0.0 0.0 0.0 0.0
102.58124155 108.547128509 130.806181529 104.726142859
50.9682632271 44.2579339752 43.9063168816 101.915183155
0.0 0.0 0.0 0.0
0.0 0.0 0.0 0.0
0.0 49.9373483981 48.0937167961 74.0441373987
0.0 0.0 0.0 0.0
0.0 289.483259332 0.0 218.044197773
0.0 62.5698476181 0.0 111.167036937
0.0 0.0 0.0 0.0
0.0 0.0 0.0 0.0
0.0 0.0 0.0 0.0
125.064269271 63.2680278785 90.3133237461 85.2339750893
0.0 0.0 0.0 0.0
55.3470878322 34.9149570055 39.2989371501 0.0
185.179317358 78.3898844356 115.279274277 142.518902486
0.0 0.0 0.0 0.0
41.3892662401 43.653100149 61.629910979 0.0
0.0 0.0 0.0 0.0
0.0 0.0 0.0 0.0
0.0 0.0 0.0 0.0
0.0 0.0 0.0 0.0
119.546993163 108.52117402 99.22285244 94.1821349598
84.7117254325 48.0141700454 42.2962506269 69.8239201847
0.0 0.0 0.0 0.0
100.933943212 195.642839239 146.546946663 70.9419604425
36.3668331733 49.9600089464 71.1527078488 69.1104218712
48.3212642661 48.170984577 46.4612276199 68.3519807169
0.0 120.7154108 209.956276111 213.683946967
131.439899663 145.685531575 115.150379024 107.108005477
106.50300148 51.3794816124 88.2168871009 114.201680772
