0.0 0.0 0.0 0.0
0.0 0.0 0.0 0.0
0.0 0.0 0.0 0.0
0.0 0.0 0.0 0.0
0.0 0.0 0.0 0.0
0.0 0.0 0.0 0.0
0.0 0.0 0.0 0.0
0.0 0.0 0.0 0.0
0.0 0.0 0.0 0.0
0.0 0.0 0.0 0.0
41.8255865994 49.9108096642 6.27730790477 35.4960222748
5.01908597668 25.9986382274 32.1241490462 49.3521402351
0.0 0.0 0.0 0.0
0.0 0.0 0.0 0.0
0.0 0.0 0.0 0.0
0.0 0.0 0.0 0.0
0.0 0.0 0.0 0.0
0.0 0.0 0.0 0.0
0.0 0.0 0.0 0.0
0.0 0.0 0.0 0.0
0.0 0.0 0.0 0.0
50.1734003014 32.6515062933 32.9453952444 0.0
0.0 0.0 0.0 0.0
0.0 0.0 0.0 0.0
41.287163118 0.0 49.9971747755 45.152283269
0.0 0.0 0.0 0.0
0.0 0.0 0.0 0.0
0.0 0.0 0.0 0.0
0.0 0.0 0.0 0.0
0.0 0.0 0.0 0.0
0.0 0.0 0.0 0.0
49.8404394231 32.9380214269 6.62950842649 3.48959933373
47.2173938326 31.1880391136 30.2354112778 50.2447324887
0.0 0.0 0.0 0.0
31.9559329436 49.9971548231 49.6488477802 30.9746628692
0.0 0.0 48.9433921516 28.6075758928
15.0526913632 27.6325793076 33.4302274103 49.5293403953
45.9940601401 0.0 49.996278957 33.3063145956
33.6055148013 49.9355165385 23.4109523481 29.8952706818
50.2958428991 29.9135551821 31.7532048753 0.0
